function bestChromosome = BestChromosome

    bestChromosome = [-0.710681680068086,-0.249788334855453,0.475085971152887,-0.531807856753673,0.208829784800757,0.441422173968957,-0.726366863617096,0.0234119475666978,-0.145330750463231,1.58558446478049,1.53417142188942,1.06783066941299,0.306016034780793,-0.737790142754403,0.685307095295682,1.62829698040985,0.0330309223738725,1.16189486909735,0.228246649220539,1.47457976928633,0.906430093306352,0.423274506383624,-0.5537313503887,-0.444780511668993,1.12958246658101,-0.638213411194205,-0.918630343789919,-0.674941821129736,0.176149322750241,1.00008221908978,1.02613680635789,-0.262913624781691,0.797797837339771,0.943977933414819,-0.8486923107238,0.795284458297962,1.75901371166616,0.698790015820379,1.18532241661383,0.313124263965807,1.1806479534136,0.274781239563621,-0.960246201938163,0.02708850020761,0.868792287754224,1.80285534351846,0.881248040779131,0.502484403228937,0.506360529184754,-0.897299669014979,1.42189563036628,0.225941060193526,0.882238976627301,-0.106345998447471,-0.394629938642287,0.694962525723148,0.413572336976649,1.20172058700298,-0.957683950717883,1.28499287858964,-0.373728364827526,0.968507999229928,-0.313675848171164,-0.739455407941248,-0.972068619955994,0.956186457721292,0.793958853163709,0.814194713995236,0.123235593510719,-0.807275336886996,0.332308402930425,-0.396963126792295,1.16663388080386,0.205673976991051,-0.528764459404246,-0.321318912148536,0.235986796696082,0.31098213630646,0.931935076802332,0.0804086150075296,0.214720135189312,-0.798091044801344,0.554234103484249,-0.506958573842006,0.459999462031783,-0.498672536028037,0.680956291526183,-0.394264829671002,0.258311678810497,-0.62378296596527,-0.685478843173128,0.497773041846489];
